[GeoFrame]
f_lon_min = -6.03125
f_lon_max = 36.28125
f_lat_min = 30.21875
f_lat_max = 46.03125

